1 538.460030381673 296.077649660657
2 950.095339694655 928.756783963405
3 311.655205235807 350.718754095721
4 496.345948493926 13.6556765170924
5 233.07273756302 808.80240488498
6 436.610546080441 27.476248932736
7 404.343116551991 45.267128216532
8 630.976994577129 74.876062788214
9 105.839404889215 95.1053326291517
10 741.688741106364 287.415523083769
11 278.778917158653 785.245029962808
12 353.383709597091 227.128651640303
13 960.305758063593 12.9272961801158
14 418.26353188202 931.977069257391
15 91.8830357352594 945.336660505665
16 970.134887809174 303.91051138367
17 330.107610575275 838.168589257772
18 90.5854533618819 61.7070406225878
19 951.932709765088 162.602444656548
20 682.288662284218 566.760857214994
21 977.132442796743 144.505269664453
22 657.334096578334 872.259394534761
23 567.557897715331 810.428478567856
24 587.822135465521 656.908558216182
25 690.180551418298 21.5677078800435
26 622.388523193195 561.278276608527
27 352.178804546012 949.059869928009
28 203.064647171652 335.002760857043
29 123.652430458055 516.739842032423
30 718.226232058698 32.1478375417906
31 964.912246900992 121.34440485714
32 898.60648173516 31.0717381144608
33 562.259366751008 116.102056190563
34 571.619922350834 600.814761900224
35 837.200568580588 939.350060965428
36 356.508176697686 796.305418418919
37 795.031853992997 96.1032759087069
38 829.828442654401 756.432013602182
39 170.125565708552 474.783904313186
40 188.675556025486 593.843704263275
41 658.610382101529 323.359458378243
42 956.41131822321 516.804376762835
43 394.873961047839 941.571362437377
44 643.659889308612 724.235066098228
45 327.388679265232 960.540011563478
46 763.4740207329 896.984932374634
47 918.270363927071 508.200327931826
48 442.622092049141 332.632743305861
49 160.416392911356 71.0097046918368
50 96.9202291952767 680.692411509813
51 691.801795035066 849.873611057327
52 710.166289819218 588.570316536533
53 848.470774958269 419.896559289915
54 128.17452166777 656.364019665197
55 504.207051271934 374.855395130075
56 101.273664810362 289.945608656013
57 953.194471375135 348.186909438074
58 187.389959827684 574.662479063398
59 37.6562039646126 39.0419722403646
60 65.0202418574683 34.8057903462126
61 125.529406907824 578.215496717966
62 51.1642944299258 291.819018117774
63 698.346186535489 961.36884758413
64 208.48599687972 67.6999579408192
65 588.213529671608 136.549141369515
66 413.911683886272 729.241081234325
67 861.259090403414 400.810654714833
68 326.670313573288 653.082977901703
69 851.35282208026 616.193842732219
70 315.565484115658 715.078365745002
71 935.565696959629 691.229085888515
72 695.187283931125 266.822715640265
73 605.570130673573 113.516766224101
74 257.39060913819 442.097956202263
75 339.721198458366 727.814744498041
76 413.208946954961 576.678402499672
77 862.961615897401 872.998715504402
78 228.294366364314 400.492840393025
79 323.443486671575 258.834007500622
80 592.616963626262 883.901831091608
81 40.1142761223209 95.540463390937
82 449.67772495183 976.658305510092
83 608.18203514632 205.94736244088
84 418.659820714611 301.659899457111
85 687.733264746783 411.371602623509
86 616.138396690608 59.805222964633
87 619.052719200046 451.201011119138
88 381.555810299153 551.729396130263
89 367.912800052016 764.850682184285
90 477.34747661524 78.3954455606325
91 603.85725305228 135.293483851511
92 147.348560140887 153.770736694885
93 528.575050152213 280.241018212873
94 693.133119397006 484.812023960205
95 995.033548338612 834.159118919538
96 672.047104656182 956.359685069216
97 307.628971932389 421.615455247811
98 4.25464494031459 409.793155072582
99 444.689751106744 76.3489412913873
100 28.2509017561038 760.131278579651
101 491.85122006954 381.988653306067
102 578.784275597247 354.294590818729
103 599.995915722985 860.381894065513
104 863.415667654013 604.59338407663
105 909.022415706675 12.8133840823181
106 935.609361415033 495.035433385135
107 827.457465637016 464.31415527887
108 243.639340538108 725.072076232036
109 243.178508912276 473.525947174141
110 137.88038808925 544.961519373224
111 812.484788169569 455.312363925456
112 829.778814025854 123.193983353127
113 91.8042202190985 43.068809961483
114 315.418670086667 733.842792112781
115 341.482755821824 282.347764681999
116 782.453190814003 772.229108287936
117 595.144714996007 468.769858230139
118 917.342985109997 888.262303199818
119 273.149795364873 353.360317332564
120 344.073754661825 818.636431293842
121 959.992587404606 186.382343585958
122 727.08466745507 792.486094895879
123 198.952816072861 318.303127780906
124 526.273935230437 799.063609124583
125 513.144256489339 18.0858812363603
126 498.359645099855 291.722316094016
127 502.010271312259 105.025538870551
128 113.092537043735 659.705413409462
129 355.794886928527 989.771245933267
130 441.502167536202 836.257370121355
131 779.49235294845 290.569083142313
132 753.171577273111 381.957296705978
133 545.953763238096 969.224031291761
134 570.269521459569 423.036110511395
135 248.32198532367 869.150343829478
136 483.722031933109 523.444842556142
137 743.152609299079 8.48944099102927
138 62.0303709355825 837.713011396492
139 979.831653805848 251.533881597983
140 823.037474241027 293.733064685271
141 721.079552176597 979.494625853309
142 181.419972042694 349.766917778502
143 637.248730047507 455.390466029633
144 560.428499503292 214.764006184667
145 553.02549198618 296.843227005507
146 125.767101522026 530.66701582568
147 205.956909862155 320.857542332489
148 773.370971544673 295.984327896123
149 91.8110723679987 602.426477453358
150 664.073338569081 768.152566836852
151 961.945001810485 15.9745651209706
152 688.967732444916 9.35739302336903
153 96.196292917655 393.244696244433
154 156.027881224265 880.523249050206
155 198.637424776947 342.387799541615
156 732.036635567499 555.286871079955
157 254.744230165013 744.456200856491
158 482.154262092731 615.734987172774
159 80.8397869401259 971.399968063534
160 153.070663633341 320.737389609903
161 864.967988987362 374.799608368111
162 761.323109450847 716.696678021293
163 93.8448355256789 232.00179233235
164 680.023469543452 832.301777663654
165 317.132525752317 484.167290647053
166 933.365572382558 822.861550013011
167 486.722181169262 707.275060289835
168 188.803706040733 572.072159938973
169 537.197380989818 736.093647378352
170 598.1376713477 17.3409778141678
171 536.244506851843 190.868695844056
172 145.63729464616 25.4236366470962
173 348.3772838194 951.73843086426
174 89.5977482585872 273.457798076753
175 871.057574472175 568.015465340923
176 978.35067547055 251.478110147591
177 519.106544076185 667.207735055977
178 29.0950151070706 375.394823540275
179 336.831526508147 553.470641839871
180 495.917001317882 519.917713122968
181 403.549263118755 825.447483880437
182 402.212088157905 352.953020445081
183 769.336204778812 66.6047922976921
184 361.664249081979 454.570831811771
185 98.148870510863 193.770121079638
186 988.241976809196 65.7871172252222
187 935.967262017018 481.645676572057
188 50.6377557265496 54.1088795526548
189 29.4292763817227 815.648350642934
190 688.831488860241 735.514759346646
191 924.712500491702 826.854430568689
192 322.308286907758 229.85881749678
193 136.547594837926 589.31003868142
194 737.001459110306 252.295917825337
195 174.704715673352 931.676572647364
196 660.520440736728 285.651210429616
197 958.064868835657 386.186997807173
198 10.8790352372239 17.7302033995942
199 336.103578949287 923.742740467472
200 513.93187611735 461.958316574051
201 545.633901176056 612.750888819574
202 406.725937117975 57.2116652953828
203 929.098579717778 234.64296795646
204 483.826579659688 863.235988492827
205 458.592871420476 686.335872755
206 913.823777236168 121.83770457101
207 121.322871337764 491.482986044523
208 604.537859272215 985.780157369537
209 794.276508877851 980.602102425044
210 817.520268782833 408.02643155406
211 896.001366342751 998.858870907437
212 227.055310196908 362.302070043772
213 702.264818244265 890.1260387639
214 947.262357358021 345.206781177746
215 831.992660905523 27.4651657013109
216 705.140824269879 730.304140845782
217 128.746644665392 114.436068005959
218 405.162271997989 869.13532051326
219 754.714062057398 449.09297847342
220 434.166397136476 806.765676943543
221 614.515846032265 466.76694521967
222 59.2646010111932 780.276199182989
223 795.367571334913 675.798084709036
224 984.733825127585 268.778282709446
225 989.939666505882 950.364108448113
226 270.803456740318 688.708142794396
227 316.67050497398 809.066890392819
228 253.588467592391 891.828374950781
229 640.280049306059 621.231305032323
230 817.854056411519 542.257963810712
231 936.416450608167 495.283147389327
232 219.475464163668 534.649940838833
233 562.772586872467 603.003888201828
234 354.031926853431 65.4226463741863
235 901.102853378403 443.642930670083
236 647.13745656907 766.331987564148
237 315.806293449788 729.031283184935
238 963.386329158769 953.167752412663
239 905.460380862492 388.936805453304
240 280.720091393522 9.34470764338916
241 525.194525229452 95.9693726810818
242 8.46164813992695 221.712303818807
243 499.512508317757 846.121221784088
244 760.6719485455 829.822459585319
245 35.9845855199513 459.440578686082
246 279.282520601688 986.599957899637
247 960.390775092346 249.087986328052
248 815.581906932552 270.795336147029
249 503.318595234818 532.012204752213
250 438.425508516494 347.686157436648
251 688.673466297861 709.270408089536
252 88.4947441259676 392.361137731408
253 20.8583308265363 63.2167892129164
254 717.282342031348 545.075879394635
255 907.108597695226 66.3488746817825
256 228.705673204345 671.742847260956
257 37.9624962132428 911.549583511923
258 216.080020889007 59.3049743395623
259 891.506096536682 518.863800012055
260 654.586859160488 844.77120308881
261 515.231081049116 393.101157891236
262 991.993686366824 40.7570883693645
263 250.086506727875 558.877494241077
264 833.825423685127 805.690191835192
265 451.93725558 65.6187496270013
266 901.933101328811 904.02075333622
267 55.8035833358254 314.746143857608
268 125.968145286492 289.422331294845
269 312.339357584305 628.957182998949
270 68.7411910985156 129.737927746871
271 481.791536037107 476.864645947401
272 905.444290564168 456.775606455058
273 422.170230347624 412.163664359157
274 544.575234806105 635.230292252996
275 704.998028392072 189.580644010981
276 706.443975537189 859.48038580177
277 860.343951298122 828.566197880928
278 697.159486800242 270.937683782393
279 155.545422905545 835.988712870313
280 295.712104050921 963.993536340541
281 394.333827038836 816.288185137865
282 202.968965034718 532.803961552726
283 300.021277642371 30.5043885504036
284 72.3841579202264 492.61510006289
285 243.812456054582 283.078991504806
286 69.4332246017248 462.746249222559
287 358.304901841816 848.67303641996
288 454.476451589371 843.291644219633
289 804.052120070457 153.29482133678
290 481.698414911353 732.94859965693
291 480.898635210685 265.419947685147
292 879.944039908722 830.072269267358
293 517.077849078698 516.021985503571
294 686.933690738876 175.589860815249
295 861.897671247263 101.06048667332
296 122.833366487314 307.866167152612
297 17.2517815170791 480.040922712056
298 281.457378927728 896.124777710979
299 523.913613900366 138.755522611177
300 477.660239625423 771.640609177529
301 907.757517925864 89.3246631002612
302 364.196246194466 341.19134601844
303 679.501888954703 642.288217440915
304 685.886615091634 968.319948102725
305 198.72696359902 792.594684953727
306 652.629953121232 759.376540565366
307 682.818611061242 263.794548748704
308 884.564118491043 171.971745353407
309 595.616233179207 415.661297958715
310 997.392043556489 155.66062588655
311 742.042731763473 36.2855372712529
312 672.852424572795 943.353306821189
313 606.683891592685 16.3402011877489
314 347.765394573847 978.041990884881
315 362.635859576883 459.148291207378
316 765.245382119099 764.217927884114
317 73.7498596807813 874.785648803622
318 922.393327163615 930.85628959846
319 448.042427393608 709.422616071832
320 393.752869848979 646.542059647532
321 250.219924107505 651.415353969925
322 961.470815318667 314.459208950167
323 691.018417249403 938.365703471148
324 669.683219330987 790.187975457102
325 405.134093035815 455.758124376964
326 847.822726777847 820.271844918797
327 104.741193085536 650.258380164612
328 72.7669762737991 387.815804668219
329 412.130207660234 714.637004915687
330 848.475707710857 874.136582533865
331 666.059667300654 379.108579779371
332 852.648022047518 971.286987382368
333 483.337140836732 473.481686234746
334 624.651503439401 824.121345570525
335 514.056940551346 411.462744710525
336 196.739853012793 618.425350130691
337 189.615454984272 310.999070830657
338 516.536524792365 500.88862682639
339 580.944681636943 831.121070378449
340 144.767985239152 720.298166892877
341 396.342436361893 145.598900232805
342 200.10946737585 243.702829232648
343 483.758359901916 453.889803963294
344 609.641496442541 294.995059968733
345 235.81100714618 521.75414245851
346 765.226083792381 349.539916434146
347 907.302772059857 442.095229247542
348 615.112839246339 932.682109448366
349 485.663734375454 637.817219836799
350 753.431749499555 216.375544357121
351 518.806664143022 151.85922606917
352 611.395009842905 336.909283246373
353 319.597648307055 64.1875701069673
354 605.156700689017 801.261153925667
355 361.568339555159 334.947794425213
356 805.647835891246 306.245312329787
357 227.36833342799 344.706209545844
358 664.143812805628 95.3854204459836
359 249.861944395647 720.158238904561
360 57.5404126481221 792.527420780324
361 174.635769565029 608.029603684754
362 801.039394883506 470.618783598484
363 803.897111599452 992.003892989597
364 251.917116690292 456.035509744576
365 13.8160216167722 616.775683865947
366 150.60486680689 874.382743183714
367 886.033149671207 680.884736848136
368 641.239268265668 207.634666887405
369 599.659262609135 654.938742392689
370 948.257339442249 7.93483096639696
371 864.689968766167 725.515159046852
372 498.537421639766 485.035792196174
373 391.190498292236 155.132429162305
374 457.605843204532 220.735943388542
375 448.950721227574 637.985554826237
376 643.960047944036 81.5112924706918
377 481.001119728139 960.864130365785
378 929.767247893089 361.241804015504
379 607.46369871063 25.8289369486457
380 751.704623053595 575.394731470698
381 733.518385875048 334.725975124554
382 237.528097316622 378.209508252574
383 61.1525108909895 810.983373846664
384 700.279022155358 956.14677769405
385 962.188718263195 172.043227022911
386 552.332852138243 126.641151653596
387 400.877913992382 145.046477151743
388 712.214709761048 171.069400821573
389 293.223069366189 736.693715760521
390 389.07132574703 793.98288687953
391 637.457719828365 177.986583388962
392 513.968540837065 1.8995186343731
393 624.979032662066 58.0475817278985
394 757.439011169403 212.703706127263
395 673.198444666338 85.2125986928225
396 687.002069754879 602.210316097814
397 70.1947828671817 542.348209472501
398 577.601609240772 433.051152431132
399 111.216924003457 528.188331800235
400 719.092523984967 629.566681561437
